BM000551636_bcd01.jpg,0.28715,14.8093,3.4602,0.069229,
BM000561307_bcd01.jpg,0.72531,5.20024,2.8578,0.11447,
BM000798777_bcd01.jpg,0.79925,7.04679,7.4624,0.11936,
BR0000005619801_bcd01.jpg,0.36002,5.40107,6.2674,0.20938,
BR0000009199590_bcd01.jpg,0.10016,8.29138,3.558,0.12124,
B_10_0002521_bcd01.jpg,0.49938,4.7925,3.633,0.17697,
B_10_0003484_bcd01.jpg,0.055799,11.76,3.6328,0.10398,
B_10_0086706_bcd01.jpg,0.43739,3.57896,3.5192,0.16528,
B_10_0114359_bcd01.jpg,0.058927,14.8175,2.4703,0.082801,
B_10_0114359_bcd02.jpg,0.11731,8.03376,2.1485,0.07979,
E00112411_bcd01.jpg,0.16046,14.6683,3.365,0.078971,
E00117382_bcd01.jpg,0.27838,10.6047,6.0695,0.12588,
EIG.1068_bcd01.jpg,1.0968,8.24111,5.199,0.14259,
EIG.1074_bcd01.jpg,0.1352,14.9948,3.9406,0.11419,
EIG.6727_bcd01.jpg,0.089287,6.0326,2.4001,0.11202,
EIG.7060_bcd01.jpg,0.19249,12.6668,3.6768,0.10933,
EIG.7147_bcd01.jpg,0.97669,15.187,2.7653,0.089421,
EIG.8322_bcd01.jpg,0.060201,18.2908,2.0503,0.061748,
L.1421587_bcd01.jpg,0.16427,4.53997,2.3606,0.094987,
L.1421587_bcd02.jpg,0.082101,2.88896,1.7291,0.079756,
L.2109497_bcd01.jpg,0.29453,2.5246,4.7868,0.096248,
L.2109497_bcd02.jpg,0.10829,2.77848,3.0363,0.074757,
L.2180891_bcd01.jpg,0.6061,8.02362,3.9984,0.11741,
L.2180891_bcd02.jpg,0.28363,6.89466,2.6679,0.099754,
L.3548739_bcd01.jpg,0.10327,4.02187,2.0504,0.068796,
L_0007337_bcd01.jpg,0.093509,8.87294,2.4348,0.050105,
L_0044156_bcd01.jpg,0.27612,11.3525,7.039,0.12358,
P00451097_bcd01.jpg,1.1127,7.69995,4.313,0.12246,
P00451097_bcd02.jpg,1.1134,10.0635,3.8351,0.12734,
